Ax. 1552 '61

16570 61 10303310161110 3 110 03316 0116 56 651303 3650033030 365-
01165 36 113061 dicho 10153, 57 1116110 111656 57 310106 61 0011610
317150 36110, 57 fuimos 61 1³.ss Doctor Castillo ¹ y 570 3 1761 10 0116
61 S.0r 30033 01303303. Luego como llegamos, 510 0116161005 011·
0113 0313013, 6100620 311311131005 13310065, 100330165, enga-
0330165 (57 36510 01116110), 103033030111013106016 3105 5115705 0116
005 1161173560 316600. Υ 0 16 dixe que 1116 057656 511 5600113, 01165
113013 visto 00651135 011135, y sabia era confirmada por nro. muy
5.ῖΟ Ρ.Ε Jullio tercio nra. Compafiia. Ε650011310016ῑ 6535 011135
5011 00116113 57 116113006113, 0116 00 011135. Υ 600 6510 11101116 600
6011310005 013205 110 0310, 0116 3 331106, 60100 salt& por 1015
0663305 0060, 0110161356 101 311113 10116110 1035 600501330, 601611-
diendo que 61 5.οΓ 573 56 5611713 36 0116 601062356 6516 06663301
3 pagus 10 0116 360ος 1035 10331713 61 S.01· 1105 601710 (16 3111 600-
5013305, 0010116 66031011 mano 36 00501105 5115 6113305 y 116173-
100005 3 13 631661 3 30036 65101711005 113513 13 13136; y un devoto
01165110 10 51100 57 56 1116 3 1130131· y 3 06311 005 5011356. Ε1 005
50110 y 31Χο 10013106016 0116 00 6011165356 01 016316356 ninguno
510 0116 61 01110610 16 6Χ31010356. Υο 1716030 0116 10331713 65-
1303 3035100330, 001 60100665 110 16 respondi, 31100116 36501165
363 116 1010330 01105 0163105 36 03013116 001 16166105 0313 (1116
1105 oiga; y no 56 011636 363031· 6011 61 0113 6053 51110 (1116 113 36
11303131 0113010 01131616 001 6611311105 36 Μ631113. No obstante
0333 36 10 316110, 1161005 10111330 001 016310 1011103116 135 011135,
y 13100060 113 301011660330, 311165 11310 muy 1031 36 03130135
56016130165 3 135 3161135 31 6561103110 57 3 110 Ρ331·6 36 6353, 0116
juntamente 1116 600 61 3 1011103156135 ²3 36 1030613 0116, 00 0116-
116030135 011, 61 6561103110 10100 001 16511100010 601110 no 135 0116-
113 011 57 0116 165000313 0116 573 61 135 habia visto y todo 10 36-
11135 0116 3111 0350. Α636610005 0116 1611161130 361611010330 36 10-
11103116 135 011135, 00 135 160130105, 0010116 135 3016011635 0116 60
5313103063 160130, 016050 0116 61 Ρ. Doctor Το1165 ³ 56135113 116-
11330 60 6516 6301100 0116 113 1166110 3 portugal, 0010116 6017131005
001 61135 57 00 135 00316100 1131131. Fu& N. 56001 56117130 0116 110
-313 30165 0116 1160356 61 1060531610, 11603560 135 0116 V. Ρ. 005

 

¹ P. Dr. Didacus Castillo.

ἓ Hic erat ipse P. Petrus Sevillan0‚ qui has litteras scribit, quique Rectoris munus
obibat. Vide POLAxco, Clzronz'c. societ. jesu, tom. 11, pag. 626.
.-. Ρ. Dr. Michaffl de Torres.

