612 LITTERAE QUADRIMESTRES

61313 0113 61335313 36 13 misma manera, de 13 6331 165 10133
636313 61 30131330 513316316; y esto 56 11366 63 13 23 57 13.ss 6135-
56. Tienen comunmente reverencia 3 535 Μ3651105 57 3 10305 105
36 6353; 57 6513 Pascha 13355333, 33165 36 56 1331111 13313 535 133-
11135, 11316103 3(131 3133305 36 61105 3 60316553156 57 3 1316333131
60310 56 113131133 3113 63 13 patria 65105 15 11135; 57 01105 vinieron
3 1316333131 3 535 Μ3651105 51 11133 3113, poniendose en sus 313-
305 11313 30 ir 3113, 51 el no quisiese. ‘¹

Empiezan 131313163 3133305 361105 573 3 1166363131 63 305113
63131113 13 53311551133 601333103, 57 13 16611316103 11057 63 6113 30 o
3135 36 61105. 5136131305 63 Dios 31165110 Senos 56 3331631313 61
31131610 36 61105 57 13 1165706103 13313 511 servicio-3 y esto 65 633310
3 105 651311133165 36 31·3133131163 y 11313331333.

Los sacerdotes 131313163 603 13 1666103 36 63505 36 6036163-
613 56 116363 31310116611330 13163 63 65105 4 316565; 57 13313 esto 165
3573113 11136110 13 3133613 que 56 11636 63 61105; 13011136, 111113 116
333 11013 (16 lection, que 11357 013133113136316, 56 10133 1133 me-
313 11013, o quasi, 33165, 6313 6331 61105 16131163 57 1133 636313 (16
13 1666103 (161 313 13355330, 56333 (1361301 61 Μ365110 16 65 1316-
3331330, 13011136 3133330 53136 633330 16 1133 36 3133331 decii·
57 61 13365110 133333 repetii· 3 6331 36 61105 1131616 , 3335 176665
1033 13 lection y otras parte, procurando tamen que 10305 16131-
133, 311013 3305, 311013 01105; 57 603 6510 131ον663 61105 535 166-
610365. ΑΙ 5313330, 31113 36510, 56 10313 1030 61 11631130 13313 1136
3305 3 01105 13101303333 1301 01363 10335 135 33335 (136 131716163
63 1030 10 16130 1301 13 56111333, 57 16 1651303333; y 351 10 113663,
63361623330105 61 Μ365110 y respondiendo‚ 633330 65 366653-
110, 36 3133613 que esta conferencia entre ellos 65 53 modo de
conclusiones, 57 63 6113 56 10133 3 16136111 1336113 133116 116 10
16130 57 63563330, 57 603 650 56 imprime mejor en 13 memoria.

Los 1161313305 1116010305 56 616161133 bien en 105 65133105;
13011136 3116336 36 135 603613510365, 1136 56 116363 013133113-
316316 3 105 30333305 3 13 13136, 56 116363 3 135 1335 576665
01135 ’63116 5631333; 57 1301 13 5631333 53313, 60130 30 163133
1661103, 56 ejercitaron 3133305 36 61105 57 01105 1161313305 63 561
310205 361 60311313301; 57 11 3 13 1313Ζ3 513 3133160 57 1131161 63136
57 otras 60535 3666531135.

Los 5366130165 63 6516 Colegio (como dixe), no 503 3135 116
4, 603 61 Ρ. Μ13361 36 Β311105; 61 330 36 61105 6513313 theolo—

