AN. 1554 619

voluntad para 10 111611050166131 como 3006330 y 11115613οΙ6 (1116
65, 0013116 3 13 1761333 110 65 3111330 51110 36 (1111611 110 65 60110-
6130. 136 65105 1111161105 56 6011116533 6333 06110 3135, y 3 10305
65105 165 11366 61 Ρ., 11113160165 y viernes 3 135 11061165, 111135 013-
11635 breves 36 13 vida 36 Cristo, 3301136 171611611 1311101611 105
1101110165 1101113305 36 105 011116103165 36 13 6111333; y por 561
1311105 611116 10305 (1116 110 630611105 611 13 6353, (16 61105 56 51611-
tan 611 61 511610, 36 61105 651311 611 016’; y 11611611 001 01611116331· 3
11611100, 311113116 110 16113311 3 (10 561113156.

,,Τ611611105 1311101611 1111116165, (1116 56 6011116533 6333 11165, 03-
53335 36 150, 111113 36 135 (1116 56 6011365311 6333 06110 3135 y
entre 561113113, (1116 561-311 00635 11161105 0 001· ventura 11135. To—
335 65135 16610611 61 531111511110 §aeramento juntas 611 13 1316513
mayor 6011 313113151ωο fervor3 y 0313 561· 31153305 13 561113113
3613 6011111111011, 3311 1111 16013116 3 135 6311103335 1111165 y 11131-
165 3 13 1106116, 331130165 3 6111611361 (1116 56 11311 36 30316131
0313 601116531- 33116113 561113113; y ansi 6333 11113 011563 511 6011-
fesor, y 651311 3031613335 0313 13 6011111111011 (161 3011111130 51-
311161116. Α51 111651110 310 3 105 61311305 135 111631136101165 36 13
La 561113113, y por 561 061103305 611 5115 116306105, 110 111100 111331
0313 11135; 61110610 36 3111 (1116331011 1110171305 0313 36 aqui 336-
131116 35711331 31 0115111110 6011 3171133 36 Dios 611 601116531, 10
61131 11611105 visto y vernos 6333 313 001 650611611613, 0013116
3301136 (1111613 (1116 17357311 1131131311 (1111611 11116133 36 601116531;
10 61131 311165 613 muy odioso y grave (111616156 511016131 3 6011-
16531 3 113316, 311013 001 13 0011333 361 561101, 6011 165 311111131·
61 Ρ. y (16613131 61131110 11161661111161110 16111311 36131116 36 13105
001 6110, 5110 1116161611 6011 mucha 6311333, 56 11311 31501165105 3
10 113661; y 351 00113 561113113 36 Ρ356113 36 Spiritu 531110,
3 6113130161 parrochia que fuera 00111016, 03113173 1165, 6113110
y 611160 60111650165 601111111105, (1116 613 0313 331 310113 3 13105
36 1030; y 1311101611 0313 11135 00116511333 y 631116361011 36 13
361116 113 1163061330 61 Ρ. (1116 1133311 611 6333 0311061113 601116-
501131105, 601110 105 1611611105, y 31151 105 1136611 ¹.

„Los Hermanos 36 13 531113 Μ15611601·313, (1116 56 11301311 36
601116531 6113110 176665 611 61 3110, 611106231011 311013 001· 13 Ρ35-
6113 361 Ε50111111 531110 6011 11111600 fervor, 105 01331305 6011

¹ Vide PoLaxco, Chronicon, t. 111, pag. 189, 11400.

