⁸230 LITTERAE QUADRIMESTRES

del 531101151ωο 5301311101110, 1131310 003110 110110 Νο05110 501101
(1300 0011 57 20110 51100131; y ansi muchas 570205 303000 110 11000-
1011 aqui 105 Ρ30105 53115113001 3 1311135 confessiones. El mismo
P. Dom 60110310 0513 0031051113 50 000110 1101 13 501113113 0011
005 11101135101105 00 111011135 000 aqui 357, 0110 00 5311013 Α113 57
0110 00 5311013 Clara, 3 00 357 013111 11100110001111110 00 111011135,
y 11120 11005110 501101 131110 1101 01 0011 13 11100113 011110011013, 000
01 00 50 113110 11050, 51151131100135 011 013 un monasterio y al otro
dia 01 0110, y 0001111131100135 1131110013111101110, 0110 135 11135
001135 1011131011 105 οΧ01010105 spirituales 0111 0111131111105 105 1110-
1135101105 57 110150001311 011 01301011 y ay 05110131103 000 571311
300131110, 11131010101110 1101000 01 135 5715113 3111111 3013 005 570205
011 13 501113113.

ΑΙ principio 00 13 0031051113, 113100101100 111011 31 113010 Doc-
101 Το1105 111057001 135 10105135, 31111οΧ35 3 0510 (30110010, 00
doctrina spiritual, 11005 (101135 10111311105 10 10111110131, 01111110 3
530 Fins 105 1130105 110010 0132 y 111311οο1 10110 11013 000 0011
105 000 3113 05130311 50 0001111355οη 011 57151131 11101 3 1110110οο
10035 30001135 parrochias, confessando y predicando y 301111-
11151131100105 01 53110115511110 5301311101110, 57 3111111 3013 110150110-
1311 011 0110. Ε1111110 1311101011 3 5311010 Α111011 00 Β57011511013, 0113
1010513 001 00110010, 3 005 110111131105, 105 003105 1003 0513 003-
1051113 50 00001131011 011 113201 doctrina 31 11001110 57 011 0115οᾔ31
105 Rudimentos 00 13 see 3 105 1110011301105 57 01135 00001130101105
0511111103105, 011110 135 0113105 11113 013 visitas 3 105 1110505 00 13

’0111030 0013 (303103 57 113201105 000111113, 5701100105 1311101011 3
570205 3 11115031 3003 3 0005135. 115721οΓ011 111113 00510 011 13
misma 0111030 57 01105 011100 0 5015 11103105, 0110 011110 501113113
57151130311, 11135 00 11011113 personas 31111035, 000 00 311105 05130311
011 0010.

En 0513 misma 0031051113 50 0115710 0110 113010, 000113111311
Μ10001 (10 501153, 3 11113 5757113 001 Rey, 000113111311 Το11131, 3 110-
1101011 00 511 Α11023, 57 3111 50 0001111303 011 113201 011110 501113113
005 0 1105 570205 doctrina 31 11001110 57 011 011 confessiones 57 ad-
ministrarles 01 5301311101110 00 13 eucharistia, 000 1000111311 3
1110111100 111001105, 105 003105 01 113010 00111 0110110310 0111111150 011
01105, predicando alli 01 311110 11355300. Α1101100 00510 01 mismo
padre 1111011οΙ 00 501153, 05131100 3111,1113105 001111110οο5 3 005
parrochias, 3 0113 00 01135 por 13 1113113113 57 3 13 0113 3 13 13100,

 

